12.9923	4.022	278.5777	70.1338
13.1243	4.0979	287.7623	73.905
13.2582	4.1776	297.4053	77.6907
13.3964	4.2645	306.9258	81.6298
13.5372	4.3507	315.3526	85.6793
13.6843	4.4373	322.6959	89.615
13.8178	4.5184	329.0031	93.2997
13.9409	4.5949	334.8314	96.9495
14.0633	4.6715	340.3345	100.4225
14.1991	4.7541	346.0217	103.9672
14.3411	4.8417	351.7303	107.5669
14.483	4.9235	357.2034	110.9401
14.6255	5.003	362.0096	114.2326
14.7635	5.082	365.9979	117.6346
14.8997	5.1668	368.9953	121.1818
15.0346	5.2533	370.4832	124.7465
15.168	5.336	371.4908	128.5947
15.2937	5.4109	371.5979	132.5955
15.4007	5.4835	370.7718	136.8222
15.4996	5.5551	369.7678	141.2105
15.58	5.613	368.6288	145.1785
15.6512	5.6597	366.5501	148.6458
15.7152	5.7036	363.6038	151.4027
15.7771	5.7384	360.4361	153.2167
15.8293	5.764	356.1126	154.0053
15.8704	5.7826	350.3595	153.9935
15.9099	5.7911	344.1029	152.9356
15.9453	5.7878	337.6738	150.9342
15.9759	5.7751	331.1055	147.6605
16.0024	5.7565	324.51	143.6136
16.041	5.7346	319.0675	138.8819
16.1012	5.7059	316.2081	133.2487
16.1757	5.6785	315.0415	127.3988
16.2545	5.6482	314.9561	121.3747
16.339	5.6102	316.2029	115.4336
16.4256	5.5673	318.2334	109.7912
16.5157	5.5337	320.6298	104.7198
16.6073	5.5078	322.7918	100.2318
16.7043	5.4845	325.2279	96.5048
16.7996	5.4667	328.0563	93.7266
16.8897	5.4604	331.597	91.7799
16.9757	5.4653	335.5649	90.7465
17.0683	5.4763	340.5894	90.4411
17.1587	5.4947	345.7215	90.7113
17.2396	5.5162	350.7199	91.2243
17.3179	5.5441	356.2437	92.136
17.3983	5.5782	362.6919	92.9932
17.4787	5.6154	370.2154	93.7141
17.5699	5.6542	379.1589	94.3972
17.662	5.6921	389.7974	94.9585
17.7558	5.7231	402.3195	95.1337
17.8479	5.7499	416.3628	95.1226
17.9327	5.7688	431.1466	94.6613
18.0179	5.782	446.1436	94.2332
18.0932	5.7913	459.9696	93.7504
18.1622	5.7999	471.6787	93.2809
18.2121	5.8048	479.9031	92.7885
18.2358	5.8057	484.4408	92.2267
18.2388	5.809	485.9176	91.6497
18.222	5.8099	483.6469	90.7612
18.1841	5.8101	478.551	89.6949
18.1239	5.8025	471.3303	88.4037
18.0432	5.7903	462.5806	87.0299
17.9612	5.7755	453.8327	85.667
17.8787	5.7493	445.6209	84.2271
17.7744	5.7179	437.2697	82.904
17.6525	5.6904	428.442	81.7914
17.5311	5.6662	419.8313	80.8365
17.4052	5.6378	410.7115	79.9918
17.2675	5.6033	401.0258	78.9955
17.124	5.5727	390.1153	77.9897
16.9745	5.5426	377.9251	76.9764
16.8211	5.5176	365.0342	75.8962
16.6657	5.4956	352.1335	74.6532
16.5209	5.479	340.0013	73.1199
16.3952	5.4645	328.7544	71.3199
16.2908	5.4514	318.6399	69.4557
16.2172	5.4337	310.3271	67.6552
16.1686	5.4113	304.1267	65.7206
16.1444	5.3991	299.9586	63.81
16.1466	5.399	297.498	62.21
16.1746	5.412	296.5895	60.9948
16.2248	5.4348	297.175	60.0711
16.29	5.4609	298.8675	59.4084
16.3573	5.491	300.5283	59.044
16.4229	5.5266	301.6293	59.1187
16.4886	5.5695	302.5658	59.5515
16.5488	5.6169	302.9665	60.3323
16.6097	5.6701	303.7743	61.3528
16.66	5.7341	303.8163	62.6441
16.7148	5.8066	304.2065	64.0724
16.783	5.8837	304.764	65.407
16.8551	5.965	305.18	66.3206
16.941	6.0554	305.6295	66.8037
17.0376	6.1404	306.3155	66.7345
17.1403	6.2127	307.9081	66.1985
17.2542	6.281	310.2067	65.235
17.3842	6.3402	313.4552	63.8661
17.5178	6.3991	316.9926	62.2705
17.6761	6.4634	320.6049	60.7501
17.8577	6.5225	324.6401	59.2799
18.0378	6.5776	328.8269	57.9228
18.2151	6.6455	333.2841	56.9775
18.3916	6.7292	336.8119	56.4882
18.5712	6.8267	339.6993	56.5056
18.7486	6.9305	342.102	57.036
18.9276	7.0403	344.533	58.1056
19.1092	7.1575	346.472	59.9161
19.2942	7.2837	348.6486	62.7338
19.4711	7.4255	350.5873	66.7813
19.6301	7.5818	352.4439	72.3654
19.7837	7.7572	354.6872	79.7419
19.9342	7.9486	356.9731	89.0391
20.0907	8.1536	360.109	100.4828
20.2418	8.3804	363.9823	114.2785
20.3887	8.6188	368.8497	130.692
20.5358	8.8688	374.5055	149.694
20.6832	9.133	381.6837	171.05
20.836	9.3981	389.6335	194.8833
20.9888	9.6742	398.0517	221.5105
21.1342	9.9606	407.0102	249.8654
21.272	10.2512	416.0243	280.1964
21.3995	10.5419	424.7076	311.3346
21.5097	10.827	433.1383	343.1129
21.6044	11.102	441.3984	375.0036
21.695	11.3684	449.0214	405.5365
21.783	11.6252	456.2429	434.766
21.8699	11.8668	462.231	461.2553
21.9394	12.0937	466.785	484.5851
21.9975	12.3025	469.9123	504.6243
22.05	12.4953	471.0073	521.1571
22.1036	12.668	470.2971	534.177
22.1605	12.8172	468.2704	544.8358
22.2084	12.954	464.7427	553.2838
22.2475	13.0658	459.796	560.4676
22.2768	13.1505	453.2767	566.1228
22.3075	13.2248	445.1815	570.661
22.3452	13.2871	435.3801	573.5299
22.3891	13.3359	425.3968	575.841
22.4369	13.3766	415.5724	576.4813
22.4865	13.4184	406.6444	575.7676
22.5412	13.4546	398.9382	574.5781
22.6114	13.4909	392.132	571.5441
22.688	13.535	386.6018	568.473
22.768	13.5716	382.9916	563.3257
22.8534	13.5933	381.1802	558.4026
22.9477	13.6134	381.3476	553.3984
23.0483	13.6366	383.3573	549.013
23.1499	13.6648	386.7367	546.0169
23.2486	13.6977	390.9294	543.8317
23.3396	13.732	395.2658	542.6673
23.4119	13.758	399.5106	542.2296
23.4652	13.7719	403.7934	542.2607
23.4919	13.7702	408.7368	542.1631
23.4982	13.7603	414.2868	541.2601
23.491	13.7319	420.3525	538.4389
23.4675	13.6853	426.7944	533.8597
23.4167	13.6145	432.1896	526.2408
23.342	13.5203	436.0601	516.6318
23.2497	13.3996	438.0474	504.2209
23.1348	13.2742	438.5921	489.1229
23.0013	13.1615	437.1701	471.3408
22.858	13.0561	433.8786	451.4038
22.7058	12.9568	429.2252	429.8247
22.5411	12.8829	423.0039	406.4631
22.3647	12.8518	414.3062	383.1783
22.1767	12.8637	403.2696	359.5503
21.9827	12.9318	391.0607	336.5769
21.7767	13.0784	377.4984	314.1597
21.5616	13.3186	362.7862	293.3848
21.3473	13.6752	347.1202	273.8214
21.138	14.1552	331.0695	255.4057
20.94	14.7853	315.2463	238.9063
20.75	15.5857	299.6268	224.1142
20.5664	16.576	283.8923	211.9493
20.3933	17.7791	268.2226	202.2678
20.2372	19.2169	253.1335	195.8018
20.1054	20.9189	239.4991	193.0392
20.0056	22.9066	227.0126	194.0357
19.9318	25.2248	215.5518	199.3518
19.872	27.875	205.2729	209.1035
19.8218	30.9012	196.1237	224.5742
19.7906	34.316	188.2106	245.5255
19.7632	38.1303	181.401	272.6589
19.7281	42.3685	175.1638	305.8802
19.6861	47.0195	169.1174	345.4865
19.6185	52.0651	163.0058	392.295
19.5089	57.4807	156.5708	446.8786
19.3503	63.2045	149.7388	510.4957
19.1198	69.1825	142.4631	583.4967
18.8179	75.3235	134.6906	667.5048
18.4469	81.5244	126.4974	763.5045
17.9995	87.6616	118.1251	871.1408
17.4803	93.5962	109.8496	989.0062
16.9064	99.1824	101.9247	1113.526
16.2833	104.2756	94.2201	1239.8729
15.6168	108.7155	86.6643	1360.1962
14.914	112.3755	79.4936	1465.9655
14.1922	115.1555	72.8308	1547.1894
13.4492	116.9396	66.5947	1593.2305
12.6907	117.7608	60.7059	1603.9325
11.9385	117.5016	55.5018	1572.9371
11.1997	116.332	51.1427	1510.3462
10.4862	114.2667	47.7762	1421.1963
9.8077	111.4525	45.5276	1318.4089
9.1754	108.0347	44.1746	1213.064
8.5947	104.139	43.4918	1113.8817
8.0634	99.9343	43.5847	1027.7247
7.5824	95.5421	44.4557	958.1348
7.1617	91.1012	45.9316	906.5753
6.7999	86.7054	47.7382	871.9376
6.4828	82.4428	49.6934	852.9968
6.2256	78.3815	51.711	847.6525
6.0171	74.5782	53.7657	854.0739
5.8282	71.0718	55.5744	870.9344
5.662	67.8568	57.0276	896.0263
5.5237	64.9428	57.9499	926.7507
5.402	62.3372	58.31	962.1903
5.2953	60.0129	58.2239	999.9623
5.1967	57.9367	57.6839	1039.5215
5.1074	56.0808	56.7069	1079.3223
5.0267	54.4335	55.4145	1117.398
4.9416	52.9625	53.9097	1153.6894
4.8637	51.636	52.3634	1188.7515
4.7938	50.4282	50.8066	1221.9977
4.7198	49.3314	49.0448	1251.8467
4.6315	48.3277	47.1388	1279.419
4.5368	47.3944	45.1045	1304.0732
4.4425	46.51	43.0988	1325.3795
4.3409	45.668	41.045	1342.4736
4.228	44.86	38.9613	1354.5024
4.117	44.0664	37.0086	1362.1773
4.0065	43.289	35.1188	1364.3858
3.8999	42.5092	33.4378	1362.1874
3.7949	41.724	31.8851	1355.7943
3.6847	40.9353	30.3476	1345.9551
3.5784	40.1407	28.9019	1332.2676
3.4714	39.3574	27.4339	1315.9711
3.3726	38.5755	26.005	1298.7262
3.2746	37.7978	24.6094	1281.1257
3.1708	37.0357	23.2128	1264.1778
3.0701	36.2869	21.9798	1249.059
2.9664	35.5572	20.7601	1235.9939
2.8623	34.8494	19.5753	1224.7764
2.7719	34.1622	18.5679	1216.3406
2.6941	33.4932	17.6631	1210.4853
2.624	32.8521	16.8248	1207.2143
2.5547	32.2395	16.0157	1204.5254
2.4868	31.6339	15.3022	1200.0152
2.4222	31.0396	14.7072	1193.9448
2.3625	30.4513	14.1229	1184.3588
2.3151	29.8676	13.5686	1171.309
2.2709	29.2782	13.015	1154.4269
2.227	28.675	12.4955	1133.5293
2.1853	28.0681	12.0715	1109.7834
2.1442	27.4581	11.6958	1083.7072
2.1037	26.8462	11.3121	1056.6893
2.0641	26.2382	10.9268	1030.3986
2.0275	25.6341	10.6581	1005.5461
1.9948	25.0322	10.5006	982.2444
1.9666	24.4385	10.404	961.2304
1.9372	23.8546	10.3561	943.187
1.9072	23.2896	10.3127	927.7198
1.8813	22.7389	10.2109	913.7805
1.8552	22.1981	10.0422	901.1991
1.8232	21.6708	9.8111	889.1735
1.7921	21.147	9.5662	876.8651
1.7598	20.6278	9.3248	864.0525
1.7206	20.1167	9.0191	850.4284
1.6842	19.6177	8.7184	836.6332
1.6564	19.1252	8.4973	822.2207
1.6362	18.6427	8.3196	807.597
1.6054	18.169	8.1067	792.7006
1.5693	17.7058	7.8832	777.8459
1.5363	17.2548	7.6652	763.397
1.5081	16.8151	7.4517	749.2039
1.4801	16.3884	7.2856	735.0105
1.4495	15.9725	7.1454	719.7103
1.4236	15.5696	7.0338	703.4746
1.403	15.1773	6.9759	686.8677
1.386	14.7955	6.9946	669.6804
1.3701	14.4157	7.0906	651.4171
1.3561	14.0379	7.2286	632.4887
1.3521	13.6608	7.4007	613.3613
1.3534	13.2866	7.6037	594.4711
1.357	12.9193	7.8129	576.548
1.3578	12.559	7.9713	559.5539
1.3608	12.2026	8.1118	544.3183
1.3622	11.8588	8.1998	531.518
1.3571	11.5364	8.2055	521.5084
1.3448	11.2211	8.1259	513.976
1.3347	10.9138	8.0061	508.0388
1.3274	10.6145	7.8521	502.8568
1.3158	10.3193	7.6831	497.4692
1.3046	10.0358	7.5513	492.0566
1.2876	9.7539	7.3489	485.1663
1.271	9.4755	7.1407	476.6634
1.2582	9.1942	6.9768	465.0044
1.2382	8.912	6.7702	451.1573
1.2092	8.6311	6.5067	435.2401
1.1814	8.3546	6.2467	417.1004
1.1569	8.0796	6.004	396.5911
1.1304	7.8033	5.7709	374.5716
1.1036	7.5265	5.544	351.608
1.0752	7.2521	5.3194	328.0281
1.0453	6.9891	5.15	304.9624
1.0207	6.7312	5.0279	282.9311
1.0001	6.478	4.9085	262.309
0.9817	6.2389	4.803	243.7779
0.9584	6.0167	4.6981	227.2609
0.9376	5.8049	4.6348	212.2951
0.9248	5.601	4.6253	198.9499
0.9119	5.4018	4.6089	186.4314
0.9012	5.2104	4.578	174.5125
0.8903	5.0263	4.5474	163.0767
0.8784	4.8505	4.5246	152.0112
0.8718	4.6888	4.5155	141.2841
0.8663	4.5383	4.4865	131.0945
0.8609	4.391	4.4675	121.3577
0.8571	4.2475	4.4737	112.4397
0.8572	4.1054	4.4924	104.3161
0.8589	3.9661	4.5063	96.9237
0.8595	3.8298	4.5081	90.2862
0.8591	3.6991	4.51	84.5611
0.8561	3.5788	4.506	79.7503
0.855	3.4663	4.503	75.4312
0.8566	3.36	4.5295	71.7283
0.8577	3.2559	4.5784	68.6314
0.8575	3.1519	4.6594	65.7759
0.8506	3.0443	4.7198	63.0793
0.8394	2.9401	4.7138	60.5693
0.8297	2.8377	4.686	58.0237
0.8205	2.7337	4.6204	55.3575
0.8098	2.6312	4.4924	52.5503
0.7976	2.5332	4.3523	49.7017
0.7805	2.4386	4.1725	46.6636
0.7601	2.3486	3.9735	43.6667
0.7373	2.26	3.7613	40.6213
0.7149	2.1726	3.5693	37.5843
0.6934	2.0865	3.4061	34.6239
0.6743	2.0037	3.2394	31.8064
0.6554	1.9231	3.0762	29.2442
0.6352	1.844	2.9204	26.8338
0.6159	1.7663	2.7728	24.5928
0.5971	1.6932	2.6147	22.6665
0.5807	1.625	2.4623	20.9027
0.5637	1.5589	2.3299	19.2305
0.5492	1.4984	2.226	17.6648
0.5391	1.4409	2.158	16.2595
0.529	1.3868	2.1131	15.0671
0.5192	1.3381	2.0819	13.9998
0.5112	1.289	2.0472	12.9649
0.5054	1.2401	2.0399	11.9678
0.5009	1.1945	2.0629	11.0289
0.4988	1.146	2.0904	10.1201
0.4963	1.0979	2.1067	9.3056
0.4924	1.0527	2.1217	8.5466
0.4896	1.0088	2.1462	7.8213
0.487	0.9643	2.1832	7.1321
0.4842	0.9221	2.2368	6.5066
0.4804	0.8795	2.2982	5.911
0.4799	0.8367	2.3756	5.3463
0.4798	0.7943	2.4602	4.8309
0.4791	0.7542	2.5455	4.3744
0.4795	0.7208	2.6419	3.9841
0.4795	0.6934	2.7431	3.679
0.4781	0.6683	2.8483	3.413
0.4785	0.6455	2.9571	3.1768
0.4772	0.627	3.0415	3.0112
0.4747	0.6095	3.0876	2.8763
0.4756	0.5922	3.126	2.7496
0.4775	0.5767	3.1455	2.6436
0.4772	0.5635	3.118	2.5646
0.4768	0.5487	3.0555	2.4859
0.4759	0.5314	2.9683	2.4198
0.4712	0.5186	2.8562	2.3652
0.4625	0.5063	2.7136	2.2876
0.4513	0.4894	2.5511	2.2038
0.4402	0.4718	2.3757	2.1105
0.4287	0.4568	2.2005	2.0097
0.4179	0.4458	2.0284	1.9299
0.4038	0.4344	1.8695	1.8421
0.3898	0.4195	1.7444	1.7512
0.3769	0.4054	1.6424	1.6589
0.3639	0.3943	1.54	1.5777
0.3558	0.3855	1.4546	1.5017
0.3517	0.3766	1.3962	1.4143
0.3478	0.3661	1.3636	1.3358
0.3443	0.3525	1.3601	1.2637
0.3434	0.3394	1.3829	1.1995
0.3447	0.3274	1.4312	1.1523
0.3449	0.3133	1.4861	1.1125
0.3429	0.3004	1.5323	1.0786
0.345	0.2882	1.5879	1.0467
0.3492	0.2765	1.6627	1.0224
0.3554	0.2687	1.7356	1.0109
0.36	0.2666	1.7801	1.0232
0.361	0.2671	1.8014	1.0406
0.3623	0.2685	1.8226	1.0548
0.3627	0.2735	1.8478	1.0745
0.3613	0.2788	1.8609	1.1003
