7.8104	1.7653	77.8854	4.3145
7.8676	1.7749	81.2793	4.3837
7.9209	1.7852	84.5906	4.4657
7.9695	1.8	87.7443	4.5672
8.0185	1.8105	90.7244	4.6729
8.0658	1.8157	93.4894	4.764
8.1061	1.8205	95.9949	4.8636
8.1428	1.8252	98.2465	4.9894
8.1767	1.8279	100.2438	5.124
8.2061	1.83	102.1219	5.2503
8.2384	1.8325	104.029	5.3999
8.2724	1.8369	105.967	5.5728
8.3026	1.8437	108.0059	5.7368
8.331	1.852	110.467	5.8739
8.3624	1.861	113.49	5.9979
8.3999	1.8695	116.9	6.1198
8.4414	1.8805	120.7108	6.2364
8.4867	1.8949	125.0345	6.3443
8.5359	1.908	129.6404	6.4482
8.5846	1.9193	134.2668	6.5197
8.6322	1.9302	138.7242	6.5488
8.6814	1.9395	142.7152	6.5467
8.7318	1.945	146.0099	6.5053
8.7805	1.9494	148.2992	6.4427
8.8247	1.9539	149.2487	6.3678
8.8624	1.958	148.7406	6.2447
8.8935	1.9642	146.9024	6.1009
8.9172	1.9724	143.9699	5.9633
8.9345	1.9796	140.0709	5.8345
8.9522	1.9869	135.3543	5.7334
8.972	1.9915	130.1214	5.6417
8.9877	1.993	124.7774	5.5521
8.9966	1.995	119.5374	5.5036
9.0032	1.9989	114.6099	5.5085
9.0098	2.0032	110.1504	5.5667
9.018	2.0074	106.3215	5.6639
9.0301	2.0151	103.2151	5.7697
9.046	2.0252	100.8319	5.8833
9.0653	2.0316	99.2697	5.9998
9.0906	2.0343	98.5741	6.1212
9.1211	2.035	98.6061	6.2353
9.1508	2.0357	99.1627	6.3359
9.1773	2.0384	100.0898	6.4369
9.2013	2.0432	101.3197	6.5346
9.2265	2.0491	102.7084	6.607
9.2582	2.0558	104.2423	6.6688
9.2899	2.0607	105.8452	6.7158
9.3131	2.0617	107.2904	6.7358
9.3312	2.0633	108.4493	6.7272
9.346	2.0691	109.3319	6.7106
9.3546	2.0761	110.07	6.7037
9.3624	2.0821	110.806	6.69
9.3707	2.0917	111.5946	6.6894
9.3765	2.1039	112.4787	6.6813
9.3839	2.1167	113.7951	6.6566
9.394	2.1318	115.8242	6.6429
9.4043	2.1452	118.6552	6.6251
9.4156	2.1537	122.3401	6.6011
9.4315	2.1656	126.9725	6.6202
9.4552	2.1822	132.711	6.6803
9.4858	2.2	139.5333	6.7543
9.5196	2.2186	147.206	6.8457
9.5537	2.2352	155.7976	6.9441
9.5884	2.2481	165.2525	7.0414
9.6246	2.2583	175.1323	7.1526
9.663	2.2675	185.1593	7.2919
9.7014	2.2756	195.3543	7.4406
9.7354	2.2845	205.5678	7.5776
9.765	2.2961	215.3492	7.7093
9.7892	2.3081	224.3889	7.8423
9.8058	2.3154	232.7686	7.951
9.8191	2.3208	240.3436	7.9917
9.8277	2.3268	246.8999	7.9815
9.8269	2.3328	252.2462	7.96
9.8187	2.3373	256.4103	7.9111
9.8	2.3389	259.44	7.8073
9.7713	2.342	261.2702	7.7189
9.7383	2.3531	262.0113	7.6836
9.7017	2.3694	261.5853	7.6903
9.6596	2.3846	259.9227	7.7263
9.613	2.3987	257.3076	7.8076
9.5563	2.4155	253.6994	7.9553
9.4893	2.4339	249.0585	8.138
9.4213	2.4509	243.7187	8.333
9.3554	2.4676	237.7901	8.5489
9.2859	2.4827	231.3674	8.7714
9.2112	2.4929	224.3935	8.9964
9.1381	2.5034	216.8775	9.2162
9.0656	2.5145	208.8867	9.4054
8.9891	2.5211	200.4748	9.5606
8.9127	2.5242	191.6933	9.6655
8.8348	2.5257	182.8121	9.6773
8.7558	2.5263	173.7707	9.6048
8.6784	2.5255	164.6607	9.475
8.6043	2.5197	155.6709	9.2836
8.5362	2.5096	146.9775	9.0195
8.471	2.5006	138.6295	8.7067
8.4067	2.496	130.7146	8.377
8.348	2.4944	123.3258	8.0441
8.2951	2.4948	116.5304	7.7227
8.2459	2.4958	110.4887	7.4179
8.1996	2.4932	105.2356	7.112
8.157	2.491	100.8437	6.8455
8.1194	2.4956	97.1895	6.6607
8.0865	2.5068	94.1441	6.5247
8.0571	2.5209	91.7083	6.4159
8.0355	2.5407	89.8477	6.3459
8.0197	2.5635	88.4519	6.3035
8.0019	2.59	87.5279	6.3082
7.9829	2.6214	86.8872	6.3727
7.9663	2.6525	86.5022	6.445
7.9526	2.6806	86.0859	6.5229
7.9418	2.7088	85.6359	6.6166
7.933	2.7402	85.171	6.7228
7.9217	2.7711	84.6772	6.8447
7.9109	2.7997	84.0958	6.976
7.9047	2.8274	83.28	7.1091
7.9024	2.8528	82.3886	7.2394
7.9001	2.8748	81.2395	7.3611
7.8991	2.8975	79.8862	7.5111
7.9018	2.9224	78.3052	7.709
7.9132	2.9485	76.6591	7.9092
7.9318	2.9736	75.0232	8.1161
7.9505	2.9975	73.21	8.3655
7.9715	3.0194	71.2952	8.6555
7.9991	3.0422	69.5264	8.9462
8.0342	3.0664	67.9645	9.208
8.0763	3.088	66.6223	9.4348
8.1262	3.1066	65.4382	9.622
8.1822	3.1277	64.368	9.7594
8.2428	3.15	63.4654	9.8443
8.3055	3.1712	62.8282	9.8945
8.3683	3.1915	62.6203	9.9101
8.4354	3.209	62.7918	9.8908
8.5101	3.2235	63.327	9.8452
8.5925	3.2369	64.0898	9.7737
8.6821	3.2496	65.0581	9.7035
8.7766	3.262	66.2574	9.6617
8.8724	3.2764	67.6525	9.682
8.9709	3.2955	69.2799	9.7528
9.0815	3.316	71.1136	9.8442
9.2015	3.3372	73.1393	10.014
9.3258	3.364	75.3343	10.2786
9.4565	3.3997	77.6475	10.6234
9.595	3.4411	80.163	11.0634
9.741	3.4852	82.8782	11.6108
9.8965	3.5304	85.6211	12.2227
10.0658	3.5792	88.3729	12.9132
10.2499	3.636	91.2979	13.7166
10.4452	3.703	94.3602	14.6228
10.6502	3.7817	97.4329	15.6007
10.8671	3.8721	100.5574	16.6761
11.0969	3.9777	103.7622	17.9054
11.344	4.0978	107.0655	19.2731
11.6094	4.2362	110.4713	20.8026
11.8852	4.3979	113.9788	22.5284
12.1686	4.5888	117.5631	24.4777
12.4648	4.8154	121.0818	26.6732
12.7764	5.0827	124.5075	29.1892
13.0993	5.4006	127.8491	32.1218
13.4353	5.7837	131	35.5825
13.7819	6.2404	133.9007	39.6589
14.1268	6.7789	136.3648	44.5247
14.4721	7.4183	138.4592	50.4849
14.8202	8.1774	140.3088	57.6776
15.1611	9.0739	141.8166	66.3489
15.4892	10.1265	142.8653	76.8862
15.8027	11.3556	143.4917	89.4751
16.0966	12.7805	143.7843	104.4375
16.3617	14.4175	143.7746	121.9832
16.5883	16.2845	143.2882	142.4306
16.7721	18.4079	142.2721	165.9083
16.9145	20.8084	140.9831	192.4481
17.0086	23.4958	139.4539	221.9149
17.0451	26.4661	137.504	254.0993
17.0197	29.7077	135.1035	289.259
16.9341	33.2056	132.2418	327.4785
16.7838	36.9262	128.8227	368.9378
16.5613	40.8303	124.7702	414.6726
16.2678	44.8505	120.1371	465.3496
15.9102	48.9011	114.9325	522.2044
15.4961	52.8852	109.1923	586.4821
15.0245	56.6861	102.9171	658.5975
14.4954	60.1767	96.1103	738.5557
13.9142	63.2167	88.9456	824.1855
13.2858	65.672	81.4675	910.588
12.6205	67.4356	73.8356	992.1503
11.9307	68.4072	66.2474	1060.2351
11.2261	68.5216	58.8105	1107.0246
10.5089	67.7424	51.65	1124.4224
9.7877	66.0723	44.9811	1107.7738
9.0699	63.5807	38.8228	1056.53
8.369	60.3582	33.2003	973.4095
7.6934	56.5413	28.1779	866.0263
7.0404	52.267	23.72	742.8267
6.411	47.6882	19.7633	614.5668
5.816	42.9734	16.346	490.8428
5.2597	38.2861	13.4532	379.2743
4.7422	33.7566	10.9858	284.5056
4.264	29.4733	8.9107	207.8605
3.823	25.5044	7.1938	148.4501
3.4198	21.9113	5.7856	104.359
3.0546	18.7215	4.6601	72.8098
2.7269	15.9383	3.802	51.1522
2.4366	13.5369	3.1586	36.5816
2.1782	11.4852	2.6667	26.9075
1.9506	9.7604	2.274	20.5829
1.7533	8.3177	1.9492	16.4875
1.5818	7.118	1.6865	13.7868
1.4292	6.1305	1.4882	11.9155
1.2897	5.325	1.3406	10.5795
1.165	4.6639	1.2269	9.661
1.0609	4.1209	1.1383	9.0577
0.9764	3.6769	1.0657	8.6122
0.9046	3.3146	0.9981	8.2121
0.8418	3.0208	0.934	7.7839
0.7861	2.781	0.8792	7.3473
0.7378	2.5886	0.8389	6.9709
0.697	2.4334	0.8124	6.6547
0.6639	2.3075	0.7964	6.3769
0.639	2.2066	0.7881	6.1295
0.6224	2.1201	0.7836	5.8919
0.6097	2.0403	0.7769	5.6346
0.5967	1.9685	0.7656	5.3716
0.5842	1.905	0.7541	5.1286
0.5744	1.8473	0.7485	4.9085
0.5663	1.7943	0.7456	4.6998
0.5595	1.7441	0.7426	4.4917
0.5546	1.6963	0.7402	4.2759
0.5502	1.6496	0.739	4.0562
0.545	1.606	0.7342	3.8569
0.5412	1.5642	0.731	3.6823
0.5388	1.5213	0.7316	3.5153
0.535	1.4774	0.7312	3.3513
0.5296	1.4358	0.7276	3.2063
0.5248	1.3968	0.7266	3.0741
0.521	1.3605	0.728	2.9417
0.5177	1.3262	0.7283	2.8218
0.5138	1.2919	0.7253	2.7213
0.5093	1.258	0.7218	2.6309
0.5035	1.2257	0.7186	2.5548
0.4971	1.1954	0.7142	2.4849
0.4903	1.1651	0.7096	2.4113
0.4837	1.1372	0.7063	2.3452
0.4781	1.1127	0.7029	2.2864
0.4734	1.0911	0.6973	2.2319
0.468	1.0735	0.6868	2.191
0.4625	1.0588	0.6696	2.162
0.4571	1.0427	0.6508	2.1362
0.4513	1.0246	0.6354	2.1036
0.4455	1.0062	0.6215	2.0663
0.4392	0.9886	0.6056	2.0305
0.4303	0.9709	0.5856	1.9925
0.4206	0.9535	0.5654	1.9563
0.4132	0.9362	0.5474	1.9248
0.4068	0.917	0.531	1.8881
0.4022	0.8972	0.5214	1.8529
0.3989	0.8788	0.5139	1.8185
0.3938	0.8613	0.5054	1.7885
0.3852	0.8451	0.4944	1.7693
0.3739	0.8305	0.482	1.7566
0.3625	0.8165	0.4707	1.7418
0.3535	0.8007	0.4636	1.726
0.3464	0.7838	0.4556	1.7166
0.3393	0.7665	0.4424	1.7052
0.3315	0.7504	0.4289	1.6939
0.3236	0.7357	0.4161	1.6892
0.3163	0.721	0.4027	1.6867
0.3093	0.706	0.3907	1.6844
0.3024	0.6896	0.3802	1.6721
0.2965	0.6721	0.3709	1.6489
0.2916	0.6547	0.3634	1.6208
0.2864	0.6387	0.354	1.5963
0.2792	0.6245	0.3399	1.5732
0.2724	0.6097	0.3277	1.5415
0.2681	0.5938	0.3199	1.4987
0.2644	0.5786	0.3139	1.4493
0.259	0.563	0.3073	1.3992
0.2517	0.5471	0.2995	1.3487
0.2438	0.5303	0.2919	1.2894
0.236	0.5108	0.2846	1.2152
0.2291	0.4902	0.279	1.1342
0.2237	0.4704	0.2748	1.0573
0.2192	0.4521	0.272	0.9919
0.2158	0.4351	0.27	0.9349
0.213	0.4185	0.2679	0.8823
0.2099	0.4012	0.2662	0.8357
0.2067	0.3835	0.2664	0.7972
0.2035	0.3676	0.2651	0.7594
0.1999	0.3539	0.2623	0.7222
0.197	0.3407	0.2614	0.6901
0.195	0.3286	0.2624	0.665
0.1936	0.3185	0.261	0.6446
0.1911	0.31	0.257	0.626
0.188	0.3029	0.2535	0.6099
0.1859	0.2974	0.2505	0.6011
0.1845	0.2923	0.2452	0.5948
0.1833	0.2878	0.2402	0.5871
0.1824	0.2842	0.2377	0.5801
0.1809	0.28	0.2358	0.5709
0.1772	0.2743	0.2324	0.5618
0.1725	0.268	0.2261	0.5537
0.1674	0.2614	0.2162	0.5451
0.1624	0.2551	0.2053	0.5376
0.1583	0.2491	0.1955	0.5285
0.1554	0.2426	0.1879	0.5122
0.1536	0.2361	0.1828	0.4945
0.1517	0.2315	0.1782	0.4821
0.149	0.2272	0.172	0.4679
0.1465	0.2213	0.1663	0.449
0.1448	0.2133	0.1605	0.4259
0.1445	0.2027	0.1565	0.4009
0.1443	0.192	0.1528	0.3765
0.143	0.1832	0.1479	0.3548
0.142	0.1767	0.1441	0.3355
0.1409	0.1721	0.1416	0.3198
0.138	0.168	0.1369	0.3048
0.1346	0.1638	0.1312	0.289
0.1327	0.16	0.128	0.2755
0.1311	0.1541	0.1268	0.2622
0.1296	0.1458	0.1252	0.2465
0.1285	0.1382	0.1236	0.2312
0.1274	0.1326	0.1224	0.2186
0.1262	0.1275	0.1209	0.2085
0.1249	0.1235	0.1195	0.1998
0.1233	0.1206	0.1182	0.1924
0.1209	0.1188	0.1158	0.1875
0.1178	0.1168	0.1122	0.1817
0.1148	0.1136	0.1081	0.1742
0.1115	0.1102	0.1037	0.1673
0.1083	0.1063	0.1001	0.1607
0.1062	0.1018	0.09736	0.1551
0.1048	0.09806	0.09509	0.1521
0.1036	0.09473	0.09408	0.1477
0.1026	0.09163	0.09382	0.1433
0.1012	0.08916	0.09341	0.139
0.1	0.08616	0.09243	0.1331
0.09823	0.08253	0.09048	0.1249
0.09659	0.07949	0.08909	0.1169
0.09548	0.0763	0.08827	0.1101
0.09493	0.07273	0.08865	0.1024
0.09501	0.06991	0.09031	0.09444
0.09583	0.06807	0.09284	0.08823
0.09621	0.06618	0.09421	0.08436
0.09647	0.06406	0.09469	0.08131
0.09813	0.06219	0.09583	0.07816
0.09921	0.06058	0.09632	0.07575
0.09822	0.05818	0.09548	0.07206
0.097	0.05513	0.09492	0.06839
0.09625	0.05232	0.09462	0.06526
0.09613	0.05043	0.09456	0.063
0.09581	0.04967	0.09326	0.06186
0.09459	0.04865	0.09103	0.06001
0.09205	0.04698	0.08867	0.05794
0.08905	0.04617	0.0867	0.05655
0.08654	0.04612	0.08489	0.05544
0.08496	0.0463	0.08402	0.05525
0.08357	0.04689	0.08241	0.05515
0.08173	0.04737	0.07962	0.05485
0.07942	0.04717	0.07617	0.05465
0.07679	0.0466	0.07287	0.05485
0.07372	0.04582	0.0694	0.05422
0.07088	0.04458	0.06634	0.0531
0.06816	0.04273	0.06354	0.05121
0.06542	0.04101	0.061	0.04919
0.06308	0.03978	0.05869	0.0476
0.06065	0.03883	0.05645	0.0462
0.05809	0.03784	0.05369	0.04441
0.05598	0.0368	0.05163	0.04271
0.05416	0.03604	0.05048	0.04136
0.05244	0.03577	0.04919	0.04028
0.05068	0.03541	0.04734	0.03868
0.04864	0.03472	0.0453	0.03705
0.04694	0.03425	0.04374	0.03595
0.04631	0.03418	0.04333	0.03507
0.04632	0.03403	0.04349	0.03454
0.04654	0.0346	0.04329	0.03573
0.04729	0.0358	0.04363	0.03786
0.04863	0.03657	0.04502	0.03909
0.04954	0.03634	0.04585	0.03906
0.04992	0.0357	0.0462	0.03885
0.05094	0.03533	0.04702	0.03845
0.05217	0.0351	0.04772	0.03834
0.05337	0.03462	0.04765	0.03847
0.05483	0.03379	0.04828	0.03814
0.05612	0.03281	0.04962	0.03762
0.05778	0.03211	0.05125	0.03714
0.05994	0.03115	0.05369	0.0359
0.06156	0.0297	0.05592	0.03448
0.06216	0.02796	0.0568	0.03332
0.06199	0.02572	0.05708	0.0315
0.0619	0.02326	0.05699	0.02991
0.06202	0.02135	0.05709	0.02973
0.06225	0.02004	0.05723	0.02961
0.06279	0.01948	0.05741	0.02954
0.06299	0.02007	0.05721	0.03061
0.063	0.02092	0.05784	0.032
0.06343	0.02128	0.05933	0.03315
0.06325	0.02067	0.05946	0.03263
0.06263	0.01947	0.05899	0.0309
0.06187	0.01811	0.05855	0.02857
