7.1378	2.815	97.0254	16.8733
7.1499	2.8189	97.8594	16.8874
7.1563	2.8231	98.6292	16.8485
7.1575	2.8278	99.3055	16.7596
7.1526	2.8276	99.5773	16.6582
7.1486	2.8246	99.7389	16.5488
7.1439	2.8217	99.7014	16.4208
7.1372	2.8178	99.4844	16.261
7.1297	2.8116	99.0159	16.103
7.1199	2.8026	98.2244	15.9347
7.1079	2.7915	97.2706	15.7617
7.0925	2.7804	95.9986	15.5824
7.0758	2.7709	94.5535	15.3871
7.0561	2.7608	93.0468	15.2261
7.0376	2.7442	91.4972	15.0563
7.024	2.7262	89.9634	14.8822
7.0132	2.711	88.4525	14.7164
6.9982	2.6978	87.017	14.559
6.9802	2.6832	85.6731	14.3518
6.9626	2.6633	84.4967	14.0844
6.9485	2.6415	83.5924	13.7981
6.9369	2.6229	82.8086	13.5185
6.9286	2.6084	82.1714	13.2721
6.9231	2.5983	81.7189	13.0613
6.9149	2.5899	81.1858	12.8729
6.9072	2.5789	80.6891	12.6671
6.8957	2.5661	80.0557	12.4742
6.8838	2.5537	79.3882	12.3
6.8725	2.5463	78.6596	12.1663
6.8582	2.5413	77.8401	12.0584
6.8449	2.5371	77.0908	11.9549
6.8319	2.5313	76.3854	11.8346
6.8167	2.5217	75.7063	11.6791
6.8009	2.5088	75.0377	11.5029
6.7872	2.4944	74.4552	11.3381
6.7799	2.4827	74.0362	11.189
6.7781	2.4733	73.8305	11.0376
6.7789	2.4606	73.7724	10.8787
6.7846	2.4506	73.9223	10.7404
6.7963	2.4478	74.3363	10.6541
6.8159	2.4453	75.059	10.6039
6.8452	2.4428	76.1959	10.5815
6.8804	2.4443	77.5282	10.5998
6.9235	2.4491	79.1269	10.6707
6.9682	2.4558	80.7613	10.7679
7.0129	2.4625	82.3486	10.8916
7.0609	2.4709	83.8872	11.0243
7.1104	2.4829	85.4133	11.1924
7.1597	2.4999	86.8243	11.3783
7.2026	2.5204	87.929	11.5667
7.2419	2.542	88.9484	11.7477
7.2793	2.5657	89.8705	11.9151
7.3171	2.5919	90.7294	12.0958
7.3536	2.62	91.4073	12.2547
7.3859	2.647	91.8874	12.3928
7.4134	2.672	92.0382	12.5222
7.442	2.6977	91.9169	12.647
7.4671	2.726	91.5173	12.7478
7.4954	2.7578	90.857	12.845
7.5279	2.7923	90.0603	12.9547
7.5597	2.8254	89.0868	13.0376
7.5939	2.8501	88.2074	13.0661
7.6288	2.8694	87.4346	13.0588
7.6642	2.8898	86.773	13.0369
7.6993	2.9101	86.2868	13.0069
7.7383	2.9298	86.0718	12.9784
7.7828	2.9498	86.2985	12.9597
7.8304	2.9666	86.907	12.9574
7.8787	2.9814	87.5837	12.9457
7.9302	2.9971	88.5942	12.933
7.9805	3.0137	89.7991	12.9315
8.0315	3.03	91.3527	12.9493
8.0823	3.0486	93.1422	13.0095
8.1329	3.0664	95.0659	13.0974
8.1881	3.0813	97.3584	13.1838
8.2427	3.0969	99.9773	13.3051
8.2919	3.1145	102.8201	13.4603
8.3339	3.1351	105.6314	13.6257
8.371	3.1573	108.3182	13.8001
8.4036	3.1758	110.9392	13.9571
8.4285	3.1932	113.2064	14.1309
8.4433	3.2093	115.1283	14.2803
8.4453	3.2259	116.5395	14.3782
8.4393	3.2447	117.3514	14.4332
8.4283	3.2635	117.8295	14.4876
8.408	3.28	117.6362	14.5521
8.3761	3.2963	116.9581	14.5987
8.3367	3.3142	115.6715	14.6526
8.2947	3.3314	113.8575	14.7142
8.2503	3.3488	111.76	14.7773
8.2001	3.3655	109.3092	14.8354
8.1436	3.3811	106.7077	14.9146
8.0827	3.395	103.9377	14.9841
8.0247	3.4068	101.3036	15.0323
7.9652	3.4204	98.7523	15.0756
7.9087	3.4369	96.3538	15.0833
7.8522	3.4522	93.9714	15.0965
7.7999	3.4641	91.6039	15.0975
7.7595	3.4733	89.4975	15.0843
7.724	3.478	87.3431	15.0423
7.6897	3.481	85.2839	15.0114
7.66	3.4843	83.2582	14.991
7.6406	3.4849	81.3909	14.9302
7.6276	3.4855	79.8051	14.8611
7.6213	3.483	78.5713	14.7922
7.6205	3.477	77.6319	14.7243
7.6186	3.4693	76.8292	14.657
7.6158	3.4617	76.0191	14.5757
7.6199	3.4582	75.519	14.5273
7.6287	3.4602	75.0065	14.5057
7.6418	3.4621	74.3849	14.4913
7.6569	3.46	73.8312	14.4542
7.6699	3.4611	73.3548	14.4641
7.6869	3.4687	73.1536	14.5141
7.707	3.4788	73.2966	14.6173
7.7259	3.4887	73.8469	14.7844
7.7433	3.5039	74.777	15.0646
7.7584	3.5243	76.0133	15.4324
7.7733	3.5509	77.6406	15.8914
7.7854	3.582	79.421	16.4303
7.7956	3.6148	81.2321	16.97
7.8021	3.6461	82.9014	17.4909
7.8034	3.6789	84.2973	17.9377
7.7961	3.7171	85.1491	18.3595
7.7848	3.7595	85.5451	18.7899
7.7749	3.8017	85.6659	19.1861
7.7621	3.8408	85.3016	19.5237
7.7424	3.8763	84.5495	19.7513
7.7223	3.9088	83.5585	19.9527
7.7056	3.9413	82.5882	20.1561
7.6865	3.9748	81.6002	20.3889
7.6674	4.0071	80.6708	20.6352
7.6554	4.0351	80.0213	20.8766
7.6487	4.0624	79.5385	21.147
7.6484	4.0909	79.1874	21.4296
7.6545	4.1176	79.0267	21.6637
7.6632	4.1426	79.0097	21.8531
7.6748	4.1694	79.1617	22.0463
7.6889	4.1965	79.5238	22.2555
7.7032	4.2176	80.0285	22.4356
7.7243	4.2349	80.7102	22.6297
7.7541	4.25	81.6114	22.7873
7.7889	4.2659	82.6739	22.8975
7.8279	4.2813	83.9217	22.962
7.8736	4.2934	85.2075	22.9632
7.9244	4.3047	86.3592	22.9246
7.9784	4.3211	87.2941	22.8434
8.0332	4.3372	87.7957	22.6979
8.092	4.3505	87.9006	22.5012
8.1591	4.3634	87.4706	22.2777
8.2319	4.3743	86.7584	22.0227
8.3047	4.3817	85.9137	21.6972
8.3763	4.3841	85.075	21.3765
8.4465	4.3821	84.3029	21.1214
8.5245	4.3783	83.7867	20.9096
8.6154	4.3771	83.58	20.7441
8.7219	4.3799	83.8002	20.6446
8.8384	4.38	84.4257	20.6081
8.9741	4.3736	85.6547	20.6256
9.1336	4.3665	87.4408	20.6986
9.3203	4.3643	89.8545	20.8397
9.54	4.3661	93.0977	21.0339
9.799	4.3695	97.2436	21.2446
10.1094	4.3829	102.6097	21.4809
10.4639	4.4082	109.1396	21.7352
10.8685	4.4492	116.7282	22.0536
11.3259	4.506	125.4045	22.4456
11.8384	4.5888	135.2386	22.955
12.4066	4.7064	146.1454	23.6307
13.0253	4.8644	158.1158	24.5492
13.698	5.0763	170.9761	25.8107
14.4181	5.3541	184.347	27.5272
15.1798	5.7128	197.878	29.8848
15.974	6.1612	211.5361	32.9999
16.7913	6.7195	224.9081	37.099
17.6292	7.4031	237.9229	42.4249
18.4697	8.2297	250.3167	49.2422
19.3076	9.2208	262.1251	57.6599
20.1182	10.4023	272.78	68.0196
20.8928	11.7925	282.1866	80.5081
21.618	13.4126	290.23	95.5601
22.2827	15.2808	297.4177	113.4615
22.869	17.4303	303.607	134.3779
23.3563	19.8837	308.4307	158.769
23.7525	22.646	312.2216	186.919
24.0437	25.7254	314.5542	219.8146
24.2262	29.0959	316.6772	257.7831
24.2777	32.7729	317.7681	302.2054
24.2122	36.6946	318.1927	353.8435
24.0204	40.8483	317.0213	414.3811
23.7103	45.1599	314.4873	484.5349
23.2903	49.5473	310.3625	564.7755
22.7736	53.9147	304.4709	654.7032
22.1678	58.1658	296.4831	753.3855
21.4776	62.1517	285.7359	856.0279
20.7287	65.8208	273.2066	960.6895
19.9249	68.9691	258.4204	1058.3642
19.084	71.5563	242.5034	1145.4888
18.2221	73.4871	225.7614	1215.4418
17.3602	74.6274	208.8578	1257.0714
16.5027	75.0783	192.3363	1277.0968
15.6629	74.566	176.1632	1261.7867
14.8444	73.3689	161.0416	1224.8342
14.0561	71.4064	147.1459	1160.7368
13.3045	68.8019	134.4545	1078.3519
12.5917	65.6524	122.8952	985.1594
11.9196	62.0008	112.4434	883.9938
11.2836	58.0419	103.1697	783.7402
10.6962	53.8367	94.9397	686.0709
10.1536	49.5241	87.553	595.0358
9.6523	45.1876	81.027	512.1782
9.19	40.9054	75.3883	438.5213
8.7609	36.7566	70.4588	374.2329
8.3625	32.8258	66.0881	318.4284
7.9962	29.1298	62.2503	270.0761
7.6629	25.7175	58.8792	229.0294
7.3492	22.5793	55.8285	193.9484
7.0513	19.7392	53.0725	164.425
6.7746	17.1935	50.6504	139.3066
6.516	14.9297	48.4264	118.3152
6.2679	12.9422	46.2848	100.6912
6.0249	11.199	44.1336	85.8289
5.7898	9.6861	41.9993	73.3993
5.5669	8.3766	39.9386	63.1244
5.3534	7.245	37.9431	54.5803
5.1468	6.2815	36.0158	47.3586
4.949	5.46	34.1562	41.2481
4.7615	4.766	32.3255	36.073
4.579	4.1826	30.5221	31.7852
4.4018	3.6901	28.7738	28.1165
4.2382	3.2814	27.1543	25.011
4.0857	2.9381	25.6453	22.3729
3.9415	2.6486	24.2076	20.1072
3.8048	2.4036	22.8583	18.1584
3.6757	2.2007	21.6115	16.4066
3.5548	2.0322	20.4976	14.8047
3.4455	1.8837	19.5259	13.2858
3.3481	1.7529	18.667	11.8655
3.2582	1.6374	17.8919	10.5704
3.1737	1.5397	17.1645	9.441
3.0964	1.4548	16.4822	8.4292
3.0262	1.3786	15.8726	7.4908
2.9609	1.3075	15.3331	6.6106
2.8988	1.2429	14.8116	5.8285
2.8395	1.1867	14.3101	5.1617
2.7816	1.136	13.8602	4.575
2.7272	1.0883	13.4798	4.0633
2.6775	1.0432	13.1438	3.656
2.631	1.0021	12.8451	3.3318
2.5848	0.9646	12.5727	3.0605
2.5388	0.9279	12.3089	2.8401
2.4945	0.8943	12.0535	2.6591
2.4495	0.8661	11.7535	2.5046
2.4022	0.8411	11.4334	2.3762
2.353	0.8178	11.0776	2.2766
2.2989	0.7959	10.6623	2.1938
2.2431	0.7766	10.2288	2.1272
2.1918	0.7594	9.8113	2.0785
2.146	0.7457	9.4207	2.0449
2.0991	0.7345	9.0357	2.0135
2.0508	0.722	8.6401	1.9693
2.0037	0.7077	8.2717	1.9235
1.9562	0.6945	7.926	1.8866
1.9083	0.6806	7.5992	1.8405
1.8613	0.665	7.2872	1.7818
1.8144	0.649	6.9664	1.7222
1.7713	0.6329	6.6806	1.6589
1.7308	0.6171	6.4049	1.586
1.6908	0.6022	6.1373	1.5106
1.6508	0.5864	5.877	1.4333
1.6123	0.5702	5.6324	1.3506
1.5747	0.5545	5.3917	1.2724
1.5364	0.5389	5.1605	1.1971
1.4988	0.5236	4.9461	1.1218
1.4615	0.5103	4.7396	1.0554
1.4254	0.498	4.5504	1.0047
1.3912	0.4845	4.3838	0.9658
1.3616	0.4699	4.2521	0.9336
1.3363	0.4561	4.1653	0.9101
1.3106	0.4445	4.0846	0.8933
1.2856	0.4356	3.9955	0.8879
1.2618	0.4277	3.9116	0.8945
1.2384	0.418	3.8222	0.8964
1.2156	0.4092	3.7384	0.9033
1.1946	0.4031	3.6547	0.9217
1.1734	0.3973	3.5838	0.9466
1.1481	0.3911	3.5162	0.972
1.1199	0.3855	3.4318	0.9911
1.0931	0.3812	3.3348	1.016
1.0646	0.3782	3.2116	1.0481
1.0348	0.3738	3.0683	1.0781
1.0061	0.3677	2.9151	1.1061
0.9782	0.3621	2.7566	1.1377
0.9505	0.3566	2.5941	1.1654
0.9224	0.3538	2.4341	1.2002
0.8948	0.3541	2.2974	1.245
0.8698	0.3535	2.178	1.2818
0.8496	0.351	2.0752	1.3076
0.8335	0.3493	1.9965	1.3471
0.8186	0.3486	1.9302	1.4023
0.803	0.3464	1.8616	1.4809
0.7869	0.3436	1.798	1.5822
0.7721	0.3415	1.7395	1.7054
0.7576	0.3398	1.6931	1.8554
0.7417	0.3378	1.6536	2.0269
0.7245	0.3367	1.6193	2.2193
0.7066	0.3358	1.5842	2.4373
0.6886	0.3342	1.5442	2.662
0.671	0.3334	1.5045	2.8824
0.6518	0.3318	1.464	3.0984
0.6331	0.3299	1.4352	3.3103
0.6156	0.329	1.4094	3.5189
0.598	0.3282	1.3801	3.6951
0.5816	0.3266	1.3475	3.8474
0.5667	0.3229	1.3132	3.9508
0.5514	0.3186	1.2683	4.0385
0.534	0.3141	1.1994	4.1002
0.517	0.3089	1.1237	4.1027
0.5008	0.3032	1.0519	4.0759
0.4836	0.2972	0.9827	4.0364
0.4669	0.2905	0.9155	3.9989
0.4507	0.2829	0.8462	3.9403
0.4341	0.2756	0.7749	3.865
0.4171	0.2685	0.7108	3.7848
0.4006	0.262	0.6607	3.7239
0.3841	0.2551	0.6181	3.6684
0.368	0.2476	0.5804	3.6071
0.3533	0.2404	0.5433	3.5295
0.3389	0.2329	0.5069	3.4318
0.3251	0.2231	0.478	3.3097
0.3119	0.2119	0.4571	3.1745
0.3	0.2012	0.4384	3.0397
0.2869	0.1913	0.4174	2.9002
0.2731	0.1808	0.3967	2.7403
0.2615	0.1695	0.3822	2.5714
0.2528	0.1583	0.3711	2.3792
0.2467	0.1478	0.36	2.1863
0.2409	0.1367	0.3508	1.9839
0.2353	0.126	0.345	1.7777
0.2299	0.1156	0.3423	1.5592
0.225	0.1052	0.3395	1.3327
0.2197	0.09575	0.3356	1.1307
0.2145	0.087	0.3322	0.9488
0.2089	0.0781	0.3312	0.7756
0.2027	0.06925	0.325	0.6132
0.1962	0.06059	0.3172	0.4725
0.1892	0.05274	0.307	0.3599
0.182	0.04621	0.2935	0.2703
0.1736	0.04078	0.2769	0.1984
0.1635	0.036	0.2543	0.1439
0.1541	0.0312	0.236	0.1006
0.1458	0.02748	0.2204	0.07176
0.1376	0.02453	0.2053	0.05239
0.1304	0.02164	0.1912	0.03833
0.1243	0.01836	0.1779	0.02711
0.1192	0.01488	0.168	0.01838
0.1155	0.01176	0.1588	0.01212
0.112	0.00923	0.1511	0.008667
0.1083	0.007591	0.142	0.006653
0.1046	0.006282	0.1347	0.005407
0.1008	0.00549	0.1284	0.004751
0.09636	0.00482	0.1218	0.003862
0.09183	0.00361	0.1161	0.002635
0.08693	0.002593	0.1095	0.001656
0.08231	0.002263	0.1035	0.001605
0.07814	0.002344	0.09657	0.00193
0.07515	0.002579	0.0932	0.002094
0.07264	0.002918	0.09048	0.002271
0.06984	0.002941	0.08869	0.002255
0.06712	0.002696	0.08788	0.002198
0.06484	0.002429	0.08747	0.002048
0.06372	0.002101	0.088	0.001731
0.06361	0.001612	0.08955	0.001066
0.06246	0.001239	0.08995	0.0009161
0.06057	0.00118	0.08818	0.0009388
0.05891	0.00112	0.08837	0.000885
0.05696	0.0009234	0.08729	0.0006594
0.05406	0.0006561	0.0801	0.0003333
0.0511	0.0005638	0.07255	0.0002941
0.04904	0.0006938	0.06822	0.0004475
0.04745	0.0008466	0.06479	0.0006737
0.04553	0.0008843	0.06057	0.0007763
0.04269	0.0008235	0.05491	0.0007278
0.0397	0.0007626	0.04988	0.0006701
0.03716	0.0006825	0.04697	0.0005726
0.03543	0.0004784	0.04597	0.0003246
0.03434	0.0002351	0.0453	0.00009228
0.03321	0.0001142	0.0444	0.00002137
0.0315	0.0003307	0.04234	0.0001426
0.02886	0.0009838	0.03894	0.0005947
0.02625	0.001616	0.03606	0.001362
0.02406	0.001875	0.03307	0.001786
0.02226	0.001881	0.03007	0.001793
0.02109	0.001898	0.02678	0.001815
0.02051	0.001885	0.024	0.001795
0.02008	0.001839	0.02182	0.001697
0.01967	0.001701	0.01951	0.001515
0.0189	0.001707	0.01776	0.001408
0.01822	0.001609	0.01691	0.001326
0.01767	0.001357	0.01628	0.001092
0.01733	0.001113	0.01596	0.0008838
