1.1013	0.3639	0.194	0.03466
1.1029	0.3675	0.1959	0.03572
1.1049	0.3715	0.1975	0.03683
1.1084	0.3753	0.1984	0.0378
1.1132	0.3787	0.1995	0.03862
1.1179	0.3819	0.2008	0.03942
1.1227	0.3855	0.2028	0.04043
1.1279	0.3894	0.2047	0.04146
1.1342	0.3935	0.2071	0.04223
1.1409	0.3968	0.2098	0.04274
1.1482	0.3993	0.213	0.04324
1.1559	0.4014	0.2165	0.04383
1.1642	0.4034	0.2202	0.0442
1.1733	0.4051	0.2239	0.04439
1.1829	0.4062	0.2277	0.04461
1.1931	0.407	0.2317	0.0448
1.2033	0.408	0.2357	0.04491
1.2135	0.4088	0.2399	0.0449
1.2235	0.4095	0.2447	0.04498
1.2332	0.4097	0.2501	0.045
1.243	0.4099	0.2553	0.04496
1.2527	0.4097	0.2605	0.04492
1.2621	0.4095	0.2665	0.04502
1.2708	0.4092	0.2732	0.04518
1.2793	0.4088	0.2801	0.04532
1.2871	0.4086	0.2871	0.04569
1.2938	0.4088	0.294	0.04616
1.2999	0.4092	0.3007	0.0469
1.3059	0.4098	0.307	0.04794
1.3113	0.4102	0.3141	0.04896
1.3159	0.4106	0.3214	0.04986
1.3198	0.4115	0.3286	0.05069
1.3229	0.4126	0.3363	0.05175
1.3257	0.4135	0.345	0.05298
1.3289	0.4142	0.3548	0.05428
1.3323	0.4148	0.3656	0.05558
1.3356	0.4158	0.3777	0.05656
1.3388	0.4178	0.3909	0.05753
1.3419	0.4203	0.4052	0.05842
1.3454	0.4227	0.4217	0.05937
1.3495	0.4251	0.4397	0.06034
1.354	0.4274	0.4597	0.06146
1.3588	0.4295	0.4782	0.06259
1.3644	0.4317	0.4968	0.06357
1.3698	0.4337	0.516	0.06459
1.3743	0.4356	0.5347	0.0658
1.3798	0.4378	0.5534	0.06687
1.3852	0.4396	0.5705	0.0675
1.3896	0.4411	0.5885	0.06794
1.3928	0.4429	0.6047	0.0683
1.3965	0.4446	0.6197	0.06861
1.3998	0.4457	0.6311	0.06867
1.4024	0.4464	0.64	0.06858
1.4041	0.447	0.6476	0.06827
1.4051	0.4474	0.6528	0.06784
1.4059	0.4474	0.6545	0.06735
1.4062	0.447	0.6528	0.06692
1.4053	0.4469	0.6476	0.06656
1.4038	0.4473	0.6399	0.06622
1.402	0.4482	0.6301	0.06605
1.3991	0.4494	0.6181	0.06601
1.3956	0.4508	0.6048	0.06597
1.391	0.4518	0.589	0.06591
1.3857	0.4527	0.5727	0.06586
1.3795	0.4536	0.5544	0.06593
1.3737	0.4547	0.5344	0.06614
1.368	0.4561	0.5142	0.0666
1.3613	0.4578	0.4932	0.0671
1.3544	0.4597	0.4723	0.06752
1.3477	0.4619	0.4505	0.06816
1.3409	0.4638	0.4278	0.06906
1.3341	0.4658	0.4046	0.07046
1.327	0.4683	0.3816	0.07218
1.3202	0.4712	0.3606	0.07433
1.3138	0.4737	0.3401	0.07676
1.3083	0.4757	0.32	0.07911
1.3035	0.4785	0.3004	0.08188
1.2989	0.4819	0.2826	0.08494
1.2945	0.4851	0.2668	0.08784
1.2903	0.488	0.2521	0.09027
1.287	0.4905	0.24	0.09214
1.2839	0.4927	0.2302	0.09398
1.2814	0.4945	0.2217	0.09545
1.2801	0.4965	0.214	0.09669
1.279	0.498	0.207	0.09754
1.2782	0.4991	0.2012	0.09807
1.2775	0.5001	0.1963	0.09822
1.2777	0.5014	0.1917	0.09789
1.2787	0.5027	0.1881	0.09709
1.2792	0.5038	0.1852	0.09634
1.2797	0.5045	0.1825	0.09579
1.2809	0.5052	0.18	0.09522
1.2834	0.5054	0.1772	0.09437
1.2857	0.5052	0.1748	0.09344
1.2878	0.5051	0.1734	0.09247
1.2908	0.5054	0.1728	0.09125
1.2948	0.5064	0.1728	0.08996
1.2995	0.5073	0.1731	0.08859
1.3045	0.5076	0.174	0.08745
1.3096	0.5079	0.1754	0.08659
1.3152	0.5089	0.1769	0.08566
1.3219	0.5104	0.1777	0.08458
1.3298	0.5125	0.1777	0.08354
1.3389	0.5148	0.1775	0.08271
1.349	0.5172	0.1776	0.08208
1.3591	0.5199	0.1781	0.08144
1.3696	0.5231	0.1785	0.08061
1.381	0.5275	0.1788	0.07914
1.3941	0.5327	0.179	0.07749
1.4085	0.5375	0.1798	0.0766
1.4224	0.5418	0.1808	0.07638
1.4361	0.5465	0.1827	0.07658
1.4506	0.5513	0.1852	0.077
1.4657	0.5561	0.1883	0.07752
1.4816	0.5612	0.1928	0.07815
1.4977	0.5664	0.1985	0.07912
1.5135	0.5717	0.205	0.0802
1.5278	0.5772	0.211	0.0811
1.5402	0.582	0.2163	0.08214
1.5521	0.5856	0.2219	0.08338
1.5629	0.5889	0.2276	0.08439
1.5717	0.5917	0.2324	0.08477
1.5784	0.5939	0.236	0.08503
1.5829	0.5955	0.2386	0.08538
1.5853	0.5968	0.2401	0.085
1.5844	0.5982	0.2394	0.08416
1.5812	0.5989	0.2374	0.08379
1.5771	0.5989	0.234	0.08382
1.5725	0.5984	0.2298	0.08308
1.5669	0.5974	0.2252	0.08146
1.5604	0.5964	0.2198	0.07982
1.5531	0.5957	0.2136	0.07842
1.5451	0.5954	0.2068	0.07694
1.537	0.5949	0.2	0.07536
1.5295	0.5941	0.1928	0.07421
1.5227	0.5933	0.1857	0.07312
1.5171	0.5929	0.1788	0.07228
1.5123	0.5928	0.1725	0.07237
1.5076	0.5926	0.167	0.07299
1.5038	0.5925	0.162	0.07369
1.5021	0.5932	0.1578	0.07448
1.5024	0.5944	0.1543	0.07552
1.5046	0.5962	0.1517	0.07637
1.5081	0.5989	0.1501	0.07692
1.5128	0.6024	0.1496	0.07782
1.519	0.6063	0.1503	0.07919
1.5267	0.6107	0.1519	0.08081
1.5358	0.6163	0.155	0.08262
1.5467	0.6231	0.1599	0.08474
1.5586	0.6305	0.166	0.08716
1.5709	0.6382	0.1733	0.08992
1.5842	0.6463	0.1817	0.09316
1.5987	0.6553	0.1916	0.09696
1.6135	0.6656	0.2025	0.1016
1.6284	0.6775	0.2137	0.1067
1.6436	0.6917	0.2248	0.1124
1.6584	0.7076	0.2356	0.1194
1.6726	0.7246	0.246	0.1277
1.6866	0.7429	0.2552	0.1364
1.6999	0.7631	0.2631	0.1451
1.7127	0.7854	0.2683	0.1542
1.7248	0.8101	0.2709	0.1644
1.7374	0.8385	0.27	0.1758
1.7505	0.8705	0.2668	0.1874
1.7638	0.9055	0.262	0.1994
1.7778	0.9433	0.2564	0.2119
1.7924	0.9846	0.25	0.2236
1.8081	1.0309	0.2429	0.2341
1.8242	1.0818	0.2363	0.2446
1.8414	1.1367	0.2305	0.2564
1.8596	1.1974	0.2264	0.2699
1.8784	1.2654	0.2246	0.2808
1.8977	1.3407	0.2255	0.2881
1.9177	1.4222	0.2287	0.2942
1.9381	1.5102	0.233	0.2999
1.9588	1.6053	0.2389	0.3038
1.9807	1.7099	0.2466	0.3044
2.0022	1.8239	0.2556	0.3022
2.0224	1.9485	0.2655	0.2956
2.0426	2.0825	0.2762	0.2853
2.062	2.2269	0.2866	0.2712
2.0803	2.3818	0.2958	0.2534
2.0971	2.5471	0.3044	0.2326
2.1123	2.7226	0.3132	0.2105
2.1271	2.9064	0.3213	0.1891
2.1392	3.0972	0.3292	0.169
2.1502	3.2937	0.3362	0.1529
2.1582	3.4972	0.3419	0.1433
2.1651	3.7049	0.347	0.1437
2.1716	3.9137	0.3534	0.1548
2.1767	4.1206	0.3608	0.1776
2.1812	4.3243	0.3691	0.2134
2.1837	4.5219	0.3797	0.2633
2.185	4.712	0.3932	0.3266
2.1861	4.8907	0.4107	0.4002
2.187	5.0544	0.4327	0.4779
2.1878	5.2011	0.4597	0.5556
2.1879	5.3301	0.4925	0.6295
2.1879	5.4408	0.5306	0.6956
2.1878	5.5301	0.5727	0.7522
2.1865	5.5954	0.6207	0.7959
2.1853	5.6343	0.672	0.8207
2.183	5.6494	0.7236	0.8244
2.1802	5.6414	0.7724	0.8091
2.1749	5.612	0.8179	0.7762
2.1669	5.5612	0.8588	0.7274
2.1563	5.4909	0.8921	0.6696
2.1429	5.4004	0.9153	0.6097
2.1259	5.2921	0.9267	0.5495
2.1053	5.17	0.9261	0.4925
2.0812	5.0367	0.9136	0.4414
2.0539	4.8945	0.8893	0.3983
2.0223	4.7448	0.8554	0.3652
1.9869	4.5909	0.8148	0.3432
1.9475	4.4336	0.7693	0.3322
1.905	4.2734	0.7221	0.3303
1.8597	4.1129	0.6734	0.3359
1.8121	3.9539	0.6262	0.3483
1.7634	3.7986	0.5816	0.3649
1.7132	3.6479	0.5417	0.383
1.6627	3.5017	0.5065	0.402
1.6112	3.3592	0.4757	0.4209
1.5596	3.2205	0.4489	0.4386
1.5078	3.0874	0.4257	0.4547
1.4563	2.9606	0.4054	0.4689
1.4058	2.8398	0.3869	0.4796
1.3566	2.7248	0.3701	0.4881
1.3084	2.615	0.3547	0.494
1.2615	2.51	0.34	0.4974
1.2154	2.4094	0.3257	0.4986
1.1705	2.3141	0.3116	0.4973
1.1272	2.2241	0.2976	0.4949
1.0857	2.1383	0.2835	0.4905
1.0458	2.0565	0.2692	0.4841
1.007	1.9787	0.2553	0.4756
0.969	1.9045	0.2421	0.4652
0.9325	1.8337	0.2297	0.4528
0.8977	1.7657	0.217	0.4395
0.8646	1.7003	0.2047	0.4265
0.8325	1.6374	0.193	0.413
0.8018	1.5776	0.1811	0.3986
0.7728	1.5208	0.1698	0.3836
0.7452	1.4663	0.1592	0.368
0.7188	1.4124	0.1492	0.3535
0.6939	1.3599	0.14	0.3401
0.6698	1.3113	0.1315	0.3271
0.6466	1.2667	0.1238	0.3144
0.625	1.2236	0.1172	0.3024
0.6052	1.1824	0.1116	0.2911
0.5869	1.144	0.1068	0.2813
0.5694	1.1077	0.1024	0.2725
0.5533	1.0734	0.09841	0.2642
0.5384	1.0413	0.09474	0.2569
0.5248	1.0115	0.09165	0.2515
0.5122	0.9833	0.0896	0.2467
0.5007	0.9555	0.08838	0.2414
0.4897	0.9277	0.08737	0.236
0.479	0.9011	0.0862	0.2315
0.469	0.8762	0.08525	0.2287
0.4594	0.852	0.08466	0.226
0.45	0.8281	0.08425	0.2224
0.4411	0.8049	0.08376	0.2183
0.4318	0.7824	0.08298	0.2142
0.4225	0.7616	0.08194	0.2107
0.413	0.7432	0.08097	0.2089
0.4036	0.7252	0.08041	0.2081
0.3943	0.7065	0.08012	0.2075
0.3849	0.6891	0.07954	0.2068
0.3751	0.6738	0.07829	0.2075
0.3647	0.6604	0.07649	0.2099
0.3541	0.6477	0.07458	0.2126
0.3438	0.6355	0.0729	0.2145
0.3346	0.6238	0.07167	0.2166
0.3266	0.6126	0.07086	0.2194
0.3193	0.6025	0.07024	0.2224
0.3121	0.5934	0.06974	0.2253
0.305	0.5852	0.06927	0.2289
0.2983	0.5769	0.06924	0.2322
0.2927	0.569	0.06952	0.2353
0.2874	0.562	0.06982	0.2392
0.2825	0.5554	0.07017	0.244
0.2779	0.5488	0.07087	0.2487
0.2739	0.5429	0.07183	0.2531
0.2705	0.5375	0.07257	0.2571
0.267	0.5325	0.07301	0.261
0.2638	0.5276	0.0732	0.2649
0.2605	0.522	0.07329	0.2684
0.2572	0.516	0.07323	0.2702
0.2538	0.5093	0.0729	0.2699
0.2501	0.5034	0.07209	0.2694
0.2458	0.4983	0.07068	0.2686
0.2412	0.4933	0.06915	0.2668
0.2367	0.4879	0.0678	0.2637
0.2318	0.4821	0.06629	0.2596
0.227	0.4759	0.06442	0.2547
0.2225	0.4694	0.06248	0.2494
0.218	0.4628	0.0604	0.2432
0.213	0.4559	0.05818	0.2355
0.2083	0.4488	0.05631	0.2271
0.2043	0.4412	0.05485	0.2182
0.2006	0.4333	0.05356	0.2093
0.1967	0.4247	0.05211	0.2002
0.1928	0.4164	0.05048	0.1912
0.1892	0.4086	0.04904	0.1819
0.1858	0.401	0.04779	0.1727
0.1823	0.3933	0.04666	0.1637
0.1791	0.3853	0.04572	0.1543
0.176	0.3775	0.04472	0.1451
0.173	0.3697	0.04371	0.1369
0.1706	0.3617	0.04311	0.1291
0.1689	0.3539	0.04287	0.1215
0.1669	0.3467	0.04258	0.114
0.1647	0.3398	0.04208	0.1072
0.1623	0.333	0.04128	0.1017
0.1601	0.3259	0.04038	0.09676
0.1581	0.3187	0.03974	0.09153
0.1558	0.3123	0.03912	0.08713
0.1532	0.307	0.03825	0.08396
0.1507	0.3022	0.03729	0.08152
0.1483	0.2983	0.03636	0.07962
0.1459	0.2946	0.03547	0.07752
0.1439	0.2904	0.03472	0.07484
0.1418	0.2865	0.03383	0.07267
0.1395	0.2838	0.03272	0.07132
0.1377	0.2816	0.03175	0.07029
0.136	0.2793	0.03108	0.06933
0.1342	0.2769	0.03069	0.06848
0.1322	0.2748	0.0304	0.06794
0.1301	0.2723	0.02992	0.06695
0.1281	0.2696	0.02924	0.06547
0.1265	0.267	0.02866	0.06401
0.1252	0.2646	0.0283	0.06232
0.124	0.2627	0.02797	0.06074
0.1226	0.2607	0.02758	0.05949
0.1215	0.2587	0.02723	0.0583
0.1205	0.2565	0.02686	0.05715
0.1197	0.2544	0.02654	0.05643
0.1192	0.2524	0.02631	0.05602
0.1185	0.25	0.02607	0.05524
0.1182	0.2471	0.02613	0.05401
0.1182	0.2444	0.02659	0.05293
0.1182	0.242	0.02713	0.0522
0.1185	0.2397	0.02794	0.05135
0.1195	0.2371	0.02936	0.0501
0.121	0.2345	0.03109	0.04894
0.1224	0.2321	0.03279	0.04793
0.1239	0.2296	0.0345	0.04661
0.1256	0.2271	0.03646	0.04511
0.1274	0.2246	0.03861	0.04373
0.1286	0.2223	0.0405	0.04265
0.1292	0.2201	0.04221	0.042
0.1297	0.2175	0.04385	0.04111
0.1301	0.2147	0.04531	0.03983
0.1301	0.2118	0.04624	0.03844
0.1296	0.2084	0.04661	0.03653
0.1289	0.2048	0.0466	0.03444
0.1277	0.2023	0.0462	0.03283
0.1259	0.2003	0.04541	0.03153
0.1236	0.1979	0.04418	0.03002
0.1208	0.1951	0.04232	0.02834
0.1175	0.1924	0.03986	0.02691
0.114	0.19	0.03726	0.02577
0.1102	0.1876	0.03462	0.02453
0.1061	0.1845	0.03186	0.02299
0.1018	0.1819	0.02901	0.02164
0.09732	0.1799	0.02622	0.0205
0.09305	0.1773	0.02367	0.01909
0.08913	0.1743	0.02132	0.0174
0.08544	0.1713	0.01913	0.01569
0.08156	0.1676	0.01699	0.01398
0.07757	0.163	0.01494	0.01236
0.07395	0.1585	0.01323	0.01105
0.07053	0.1547	0.01178	0.01001
0.06723	0.1512	0.01049	0.009082
0.06434	0.1475	0.009358	0.008192
0.0616	0.144	0.008286	0.007429
0.05893	0.1403	0.007248	0.006717
0.05651	0.1355	0.006363	0.005951
0.05435	0.1303	0.00564	0.005266
0.05223	0.1255	0.004971	0.004755
0.05019	0.1211	0.004357	0.004425
0.04831	0.1172	0.003848	0.004252
0.04651	0.1135	0.003424	0.00418
0.04454	0.1098	0.003014	0.004205
0.04234	0.1065	0.002622	0.004302
0.04008	0.1035	0.002265	0.004331
0.03779	0.1004	0.00194	0.00435
0.0358	0.09765	0.001684	0.004467
0.03439	0.09609	0.001521	0.004652
0.0333	0.09565	0.001409	0.004882
0.03205	0.09571	0.001296	0.005138
0.03094	0.0958	0.001204	0.005302
0.03036	0.096	0.001157	0.005379
0.03006	0.09636	0.001136	0.005443
0.02976	0.09685	0.001116	0.00551
0.02927	0.09743	0.001083	0.005578
0.02867	0.09815	0.001037	0.005667
0.02812	0.09894	0.0009958	0.005769
0.02767	0.09959	0.0009648	0.005875
0.02714	0.1002	0.0009318	0.006011
0.0264	0.101	0.00089	0.006215
