stack	cell	time	area	perimeter	circ	Feret	FeretX	FeretY	FeretAngle	MinFeret	AR	Round	Solidity	junction_not_tracable	replicate
5	1	0	303.425	67.99	0.825	22.966	1281.333	926.333	62.669	19.96	1.123	0.89	0.944	yes	1
5	1	10	328.505	70.34	0.834	23.878	1209.333	776.333	161.209	20.41	1.115	0.897	0.948	yes	1
5	1	50	340.476	71.774	0.831	24.096	1278.667	933.667	62.897	20.974	1.077	0.928	0.951	yes	1
5	1	100	353.75	73.716	0.818	24.747	1273.333	934.333	62.164	21.549	1.062	0.941	0.944	yes	1
5	1	200	355.452	73.637	0.824	25.163	1273.333	938	62.663	21.73	1.055	0.948	0.952	yes	1
5	2	0	132.512	43.881	0.865	15.34	862	921.5	21.219	11.731	1.098	0.911	0.982	yes	1
5	2	10	143.063	45.292	0.876	15.951	858.5	921.75	20.681	12.04	1.093	0.915	0.998	yes	1
5	2	50	151.337	46.01	0.898	16.197	858.25	924.5	24.079	12.682	1.079	0.927	0.994	yes	1
5	2	100	156.008	46.856	0.893	16.265	857	923.75	21.695	13.065	1.089	0.918	0.984	yes	1
5	2	200	159.294	47.221	0.898	16.424	854	923.75	26.438	13.065	1.099	0.91	0.985	yes	1
5	3	0	171.605	53.054	0.766	20.279	1060.667	1346.667	48.104	12.596	1.593	0.628	0.932	no	1
5	3	10	192.59	54.607	0.812	20.63	1059	1349	47.767	13.519	1.518	0.659	0.954	no	1
5	3	50	205.711	56.182	0.819	21.28	1058.667	1351.333	48.302	13.94	1.489	0.672	0.966	no	1
5	3	100	216.473	56.934	0.839	21.283	1058	1352	46.994	14.42	1.456	0.687	0.967	no	1
5	3	200	223.831	57.748	0.843	21.67	1058.667	1353.333	48.581	14.758	1.45	0.689	0.975	no	1
5	4	0	76.508	33.54	0.855	12.008	1391.75	1503.25	75.901	8.24	1.331	0.751	0.976	no	1
5	4	10	87.915	35.499	0.877	12.934	1390.75	1508	75.818	8.843	1.307	0.765	0.992	no	1
5	4	50	95.931	36.989	0.881	13.368	1392	1510	76.527	9.411	1.295	0.772	0.991	no	1
5	4	100	98.384	37.301	0.889	13.585	1392	1512	76.629	9.39	1.289	0.776	0.998	no	1
5	4	200	102.48	37.775	0.902	13.512	1390.75	1511.25	74.181	9.704	1.269	0.788	0.997	no	1
6	1	0	220.604	56.279	0.875	20.078	1264.5	722.5	129.746	15.441	1.289	0.776	0.985	no	1
6	1	10	243.888	58.03	0.91	20.535	1256	729.5	133.717	16.48	1.245	0.803	0.997	no	1
6	1	50	258.441	59.628	0.913	20.889	1264	720.5	129.634	16.469	1.284	0.779	1.003	no	1
6	1	100	262.854	60.516	0.902	21.269	1265.5	716.5	127.862	16.944	1.266	0.79	1	no	1
6	1	200	272.336	61.799	0.896	21.725	1243.5	737	136.515	17.181	1.312	0.762	1	no	1
7	3	0	119.755	41.409	0.878	14.791	1072.5	1099.25	99.273	10.706	1.258	0.795	0.973	no	1
7	3	10	131.292	43.112	0.888	15.201	1072	1096.75	99.848	11.375	1.235	0.81	0.984	no	1
7	3	50	140.305	44.198	0.903	15.484	1069	1096.75	100.583	11.714	1.225	0.817	0.985	no	1
7	3	100	146.784	44.891	0.915	15.678	1069.75	1095	98.844	12.107	1.206	0.829	0.998	no	1
7	3	200	153.813	46.055	0.911	16.02	1068	1095	99.733	12.819	1.172	0.853	0.987	no	1
7	4	0	112.948	45.419	0.688	16.015	1595.75	1191.25	119.036	10.013	1.729	0.578	0.879	no	1
7	4	10	125.166	44.937	0.779	16.333	1616	1335.75	71.235	9.521	1.668	0.599	0.959	no	1
7	4	50	133.181	45.763	0.799	16.497	1596.25	1189.25	98.117	10.096	1.627	0.615	0.963	no	1
7	4	100	136.996	46.846	0.784	16.912	1596	1187	119.028	10.456	1.605	0.623	0.954	no	1
7	4	200	143.087	47.406	0.8	17.011	1617	1342.25	72.488	10.605	1.568	0.638	0.971	no	1
8	1	0	71.86	33.679	0.796	13.295	1573.667	982	88.288	8.867	1.33	0.752	0.994	no	1
8	1	10	76.789	34.752	0.799	13.584	1574.333	983.333	88.324	9.365	1.286	0.778	0.973	no	1
8	1	50	78.456	34.676	0.82	13.398	1573.333	984.333	89.228	9.448	1.263	0.792	0.995	no	1
8	1	100	79.113	34.453	0.838	13.351	1571.333	982.333	86.433	9.473	1.282	0.78	0.997	no	1
8	1	200	84.066	35.945	0.818	13.962	1570.333	984	86.738	9.682	1.274	0.785	0.99	no	1
8	2	0	115.073	44.507	0.73	17.495	1155	1030.667	22.065	7.717	2.205	0.453	0.979	yes	1
8	2	10	130.67	46.412	0.762	18.228	1152.667	1032	22.602	8.627	2.01	0.497	0.995	yes	1
8	2	50	131.644	46.192	0.775	18.253	1151.333	1033.333	22.201	8.607	2.009	0.498	0.999	yes	1
8	2	100	135.376	46.496	0.787	18.267	1151.333	1033.667	22.306	8.924	1.957	0.511	0.999	yes	1
8	2	200	139.801	47.036	0.794	18.267	1151.333	1033.667	22.306	9.089	1.913	0.523	1	yes	1
8	3	0	156.454	48.298	0.843	17.093	842.333	1100	120.466	12.153	1.362	0.734	0.967	no	1
8	3	10	171.5	49.806	0.869	17.698	831.667	1102	124.274	12.648	1.321	0.757	0.985	no	1
8	3	50	171.394	49.775	0.869	17.737	835.333	1100	121.004	12.551	1.356	0.738	0.983	no	1
8	3	100	174.68	50.176	0.872	17.724	826.667	1106.667	126.216	12.815	1.351	0.74	0.989	no	1
8	3	200	176.323	50.254	0.877	17.608	838.333	1099	121.669	12.893	1.319	0.758	0.984	no	1
9	2	0	133.487	46.866	0.764	18.041	1130.667	942.667	170.67	9.756	1.958	0.511	0.954	no	1
9	2	10	147.183	47.501	0.82	18.336	1128.333	939.333	169.332	10.079	1.818	0.55	0.985	no	1
9	2	50	156.02	49.119	0.813	18.647	1128	939.667	168.494	10.744	1.78	0.562	0.971	no	1
9	2	100	160.315	49.281	0.83	18.765	1127	940.667	167.328	10.748	1.746	0.573	0.995	no	1
9	2	200	165.996	49.511	0.851	18.581	1128.667	939.667	160.826	11.262	1.675	0.597	0.995	no	1
4	1	0	98.22	38.737	0.823	13.702	1240	614	4.989	10.434	1.272	0.786	0.978		2
4	1	10	105.402	39.67	0.842	14.106	1273.5	665	52.646	10.931	1.287	0.777	0.984		2
4	1	50	108.841	40.398	0.838	14.371	1238	612	2.808	11.132	1.294	0.773	0.994		2
4	1	100	120.143	41.754	0.866	14.688	1234	614	5.29	11.529	1.292	0.774	1.002		2
4	1	200	121.703	43.436	0.811	15.15	1233	615.5	16.621	11.428	1.265	0.791	0.974		2
4	2	0	147.323	45.605	0.89	15.6	645	1079.5	63.613	12.824	1.101	0.908	0.987		2
4	2	10	153.426	45.849	0.917	15.988	643.5	1081.5	63.435	13.085	1.108	0.903	1.001		2
4	2	50	151.983	46.125	0.898	16.425	645.5	1084	64.195	13.178	1.126	0.888	1		2
4	2	100	157.78	46.639	0.912	16.69	644.5	1084	63.601	13.294	1.134	0.882	1.002		2
4	2	200	157.651	46.895	0.901	16.41	642.5	1082	61.405	13.133	1.162	0.861	0.993		2
4	4	0	125.013	42.702	0.862	15.746	1544.5	1123.5	43.746	10.775	1.347	0.742	0.989		2
4	4	10	132.278	44.06	0.856	16.203	1543	1128.5	45.677	11.315	1.344	0.744	0.985		2
4	4	50	129.144	43.174	0.871	15.827	1602	1159	71.441	11.195	1.332	0.751	0.997		2
4	4	100	132.618	43.519	0.88	15.857	1544.5	1123.5	44.723	11.41	1.321	0.757	0.998		2
4	4	200	140.833	45.509	0.855	16.757	1597	1161	70.159	11.965	1.343	0.744	0.992		2
4	3	0	101.283	39.074	0.834	14.854	1121	1111.5	131.304	9.485	1.485	0.673	1.003		2
4	3	10	105.555	39.326	0.858	14.925	1126	1108	129.699	9.75	1.456	0.687	0.996		2
4	3	50	107.374	40.16	0.837	15.05	1123	1105.5	129.304	9.6	1.496	0.668	1.001		2
4	3	100	106.423	39.918	0.839	14.918	1123	1106.5	140.008	9.942	1.423	0.703	0.998		2
4	3	200	114.943	41.027	0.858	15.273	1111	1123.5	149.524	10.391	1.431	0.699	1		2
5	1	0	69.243	32.102	0.844	11.957	1009.667	784.333	46.958	8.327	1.197	0.835	0.999		2
5	1	10	75.698	33.794	0.833	12.615	1008.667	783.667	45.696	8.687	1.183	0.846	0.978		2
5	1	50	78.491	34.783	0.815	13.663	1005	786.667	45.964	8.946	1.269	0.788	0.975		2
5	1	100	75.064	32.788	0.877	12.283	1006.333	786	44.404	8.738	1.203	0.831	0.989		2
5	1	200	76.566	33.329	0.866	12.394	1007.667	784	47.243	8.956	1.153	0.868	0.987		2
5	2	0	50.019	27.372	0.839	10.134	1146	954	133.592	6.037	1.589	0.629	0.99		2
5	2	10	49.538	26.892	0.861	10.029	1164.75	942.75	116.634	6.333	1.447	0.691	0.99		2
5	2	50	52.437	28.735	0.798	10.396	1165.75	941.25	114.963	6.877	1.675	0.597	0.99		2
5	2	100	59.162	30.301	0.81	10.775	1189	931	99.841	7.506	1.462	0.684	1.001		2
5	2	200	61.732	31.093	0.802	11.488	1137.75	950.25	157.546	6.988	1.676	0.597	0.999		2
5	5	0	81.942	35.972	0.796	13.147	969.25	1398	57.194	7.769	1.619	0.618	0.961		2
5	5	10	90.004	37.138	0.82	13.416	967.75	1398	55.861	8.523	1.515	0.66	0.961		2
5	5	50	96.811	37.782	0.852	13.656	967	1399	55.995	8.793	1.5	0.666	0.983		2
5	5	100	99.593	38.616	0.839	13.949	965.75	1399.75	56.001	9.058	1.482	0.675	0.969		2
5	5	200	103.888	38.483	0.882	13.906	965.5	1400.5	46.105	9.02	1.454	0.688	0.995		2
6	1	0	124.978	42.804	0.857	14.795	1030	961	66.251	12.722	1.043	0.959	0.978		2
6	1	10	138.216	44.442	0.879	14.874	1040	965	69.981	13.353	1.022	0.979	0.985		2
6	1	50	154.87	46.751	0.89	15.537	970	909	32.471	13.6	1.076	0.929	0.98		2
6	1	100	160.82	49.163	0.836	17.143	995	812	110.726	14.269	1.078	0.928	0.943		2
6	1	200	164.822	49.857	0.833	17.475	992	811	109.558	14.19	1.059	0.944	0.944		2
6	2	0	79.946	36.601	0.75	13.841	1480	1092.333	70.809	8.482	1.486	0.673	0.956		2
6	2	10	86.859	36.859	0.803	14.257	1478.333	1092.667	70.004	8.379	1.543	0.648	0.993		2
6	2	50	95.602	38.254	0.821	14.004	1479.667	1088.333	70.257	8.695	1.45	0.69	0.994		2
6	2	100	100.438	40.335	0.776	14.597	1489.333	966.667	126.246	9.764	1.365	0.732	0.975		2
6	2	200	101.048	38.968	0.836	14.162	1481	1091	72.489	9.546	1.392	0.718	1		2
6	3	0	79.465	33.562	0.887	12.13	1037	1387.5	138.802	8.769	1.278	0.782	1.005		2
6	3	10	86.894	34.881	0.897	12.391	1037.5	1385.75	135.443	9.505	1.221	0.819	0.991		2
6	3	50	92.164	35.558	0.916	12.576	1037.25	1385.5	137.618	9.771	1.219	0.821	0.994		2
6	3	100	93.032	35.777	0.913	12.947	1034.25	1384.25	135.848	9.744	1.223	0.818	0.997		2
6	3	200	95.696	36.093	0.923	12.884	1034.75	1384.75	137.726	9.805	1.222	0.819	1.002		2
6	4	0	88.619	37.445	0.794	13.694	632	1561.5	110.37	9.468	1.285	0.778	0.955		2
6	4	10	103.63	38.463	0.88	13.653	635.5	1562.5	107.788	10.404	1.235	0.81	0.999		2
6	4	50	103.301	39.59	0.828	13.927	631.5	1559.5	107.66	10.589	1.278	0.782	0.961		2
6	4	100	110.331	40.596	0.841	14.062	635.5	1557.5	105.642	11.058	1.247	0.802	0.98		2
6	4	200	113.981	40.638	0.867	14.406	629.5	1557	107.958	10.823	1.246	0.802	0.988		2
7	1	0	98.208	39.383	0.796	14.297	626	982	6.963	9.539	1.47	0.68	1		2
7	1	10	105.062	40.493	0.805	15.036	629	992	23.795	10.231	1.448	0.691	1		2
7	1	50	107.303	41.206	0.794	15.775	624	990	23.044	10.29	1.495	0.669	1		2
7	1	100	111.528	41.578	0.811	15.152	626	984	20.508	10.883	1.357	0.737	1		2
7	1	200	112.103	41.336	0.824	15.557	624	992	25.137	10.615	1.398	0.715	1		2
7	2	0	87.188	38.886	0.725	16.948	1517	1109	76.319	7.231	2.187	0.457	0.999		2
7	2	10	92.903	40.327	0.718	17.132	1516	1109	75.349	7.646	2.139	0.467	1		2
7	2	50	97.774	40.805	0.738	17.191	1524	1110	77.628	8.211	1.94	0.515	1		2
7	2	100	102.761	41.414	0.753	17.464	1524	1116	78.551	8.374	1.923	0.52	1		2
7	2	200	114.791	42.907	0.784	17.711	1522	1117	75.114	9.26	1.828	0.547	1		2
7	3	0	95.039	42.156	0.672	15.366	1115.333	1127.333	145.339	11.069	1.224	0.817	0.899		2
7	3	10	102.55	42.958	0.698	15.644	1113.667	1125.667	146.2	11.303	1.206	0.829	0.93		2
7	3	50	107.773	44.013	0.699	16.006	1110	1122.333	145.665	11.963	1.193	0.838	0.917		2
7	3	100	110.695	44.87	0.691	16.339	1109.667	1121	145.081	12.289	1.248	0.801	0.914		2
7	3	200	118.546	46.403	0.692	16.256	1109	1124.333	146.875	12.651	1.161	0.861	0.909		2
4	1	0	160.515	47.68	0.887	18.188	1250	949	10.641	11.7	1.473	0.679	1		3
4	1	10	169.012	48.242	0.913	18.066	1251	944	16.37	12.266	1.399	0.715	1		3
4	1	50	173.507	49.285	0.898	18.74	1249	947	10.66	12.157	1.466	0.682	0.998		3
4	1	100	180.677	50.046	0.907	18.899	1250	951	15.63	12.787	1.394	0.717	1		3
4	1	200	190.712	51.699	0.897	19.479	1249	945	5.425	12.543	1.473	0.679	1		3
4	2	0	120.424	42.907	0.822	15.458	1186.5	1280.5	167.863	11.265	1.138	0.879	0.96		3
4	2	10	134.801	44.539	0.854	16.009	1180	1282.5	168.88	11.862	1.12	0.893	0.978		3
4	2	50	143.932	45.287	0.882	16.038	1179	1283	170.474	12.683	1.094	0.914	0.986		3
4	2	100	148.884	45.869	0.889	16.378	1179.5	1283	171.441	12.829	1.089	0.918	0.99		3
4	2	200	149.143	46.585	0.864	16.317	1184	1273.5	166.563	12.572	1.109	0.901	0.98		3
5	1	0	85.908	35.085	0.877	13.242	981.5	966.5	109.102	8.834	1.424	0.702	1.003		3
5	1	10	99.792	38.083	0.865	14.544	979	959	107.558	9.412	1.451	0.689	0.991		3
5	1	50	108.277	38.876	0.9	14.528	980.5	959	107.354	10.155	1.342	0.745	0.998		3
5	1	100	109.697	39.406	0.888	14.577	976	960	107.964	10.016	1.385	0.722	0.994		3
5	1	200	119.122	40.914	0.894	15.026	977.5	956.5	107.194	10.509	1.345	0.744	0.997		3
7	1	0	109.005	42.084	0.773	14.148	1152	935	152.65	10.91	1.217	0.822	0.95		3
7	1	10	120.776	43.605	0.798	14.613	1154.5	927	149.728	11.534	1.136	0.88	0.972		3
7	1	50	130.435	44.412	0.831	14.771	1226.5	1013	73.16	12.132	1.133	0.883	0.975		3
7	1	100	136.28	45.165	0.84	14.958	1225.5	1013.5	72.943	12.295	1.117	0.895	0.987		3
7	1	200	143.826	45.939	0.856	15.498	1224	1016.5	73.972	12.784	1.07	0.934	0.988		3
8	1	0	97.445	44.304	0.624	17.109	1311.333	659.667	74.702	9.294	1.628	0.614	0.928		3
8	1	10	98.982	42.809	0.679	15.859	1311.333	651.667	73.463	10.118	1.5	0.667	0.964		3
8	1	50	113.277	44.423	0.721	17.029	1312.333	656.333	73.871	9.978	1.574	0.635	0.999		3
8	1	100	123.206	46.335	0.721	17.723	1312	655.333	73.67	10.644	1.47	0.68	0.969		3
8	1	200	126.691	46.599	0.733	17.377	1312	657.333	73.335	10.996	1.4	0.714	0.974		3
8	2	0	101.682	37.672	0.9	13.176	1519	888.5	135.333	10.236	1.135	0.881	0.994		3
8	2	10	104.475	38.132	0.903	13.163	1546	869	120.681	10.485	1.088	0.919	0.993		3
8	2	50	106.763	38.624	0.899	13.408	1519.5	886	134.018	10.395	1.126	0.888	0.989		3
8	2	100	116.223	40.141	0.906	13.573	1546	867	120.454	11.006	1.085	0.921	0.994		3
8	2	200	127.947	41.768	0.922	14.359	1516.5	886.5	138.977	11.461	1.081	0.925	1.006		3
8	3	0	68.832	31.646	0.864	11.158	1157.25	1201.5	128.595	8.791	1.197	0.835	0.96		3
8	3	10	77.024	32.929	0.893	11.683	1156	1198.25	128.411	9.251	1.148	0.871	0.997		3
8	3	50	81.296	33.935	0.887	12.119	1155.75	1196	127.92	9.33	1.157	0.864	1.001		3
8	3	100	85.85	35.11	0.875	12.357	1154.75	1195.25	127.699	9.409	1.12	0.893	0.985		3
8	3	200	90.931	35.674	0.898	12.822	1154	1193.75	127.62	10.084	1.121	0.892	0.998		3
8	4	0	82.317	38.701	0.691	14.888	541.5	1309	33.574	9.364	1.444	0.692	0.926		3
8	4	10	90.286	39.918	0.712	15.207	542.5	1313.5	34.992	9.945	1.423	0.703	0.948		3
8	4	50	94.957	40.33	0.734	15.594	538.5	1314.5	33.524	9.997	1.432	0.698	0.938		3
8	4	100	99.487	41.176	0.737	15.624	539	1313	33.69	10.266	1.409	0.71	0.947		3
8	4	200	105.613	41.95	0.754	15.971	536	1313	34.499	10.361	1.417	0.706	0.953		3
8	5	0	85.087	36.762	0.791	12.951	992.25	1700.75	160.58	10.285	1.175	0.851	0.912		3
8	5	10	99.945	37.956	0.872	12.978	987.5	1700.25	159.22	10.98	1.094	0.914	0.971		3
8	5	50	104.205	39.598	0.835	14.043	985.5	1699	159.922	10.936	1.146	0.873	0.965		3
8	5	100	110.413	39.885	0.872	14.397	984.5	1699	161.122	11.215	1.156	0.865	0.989		3
8	5	200	115.131	40.579	0.879	14.176	984.75	1698.75	159.418	11.735	1.124	0.889	0.984		3
9	3	0	70.757	35.22	0.717	14.488	1269.667	1152.667	85.568	7.869	1.658	0.603	0.942		3
9	3	10	76.414	35.573	0.759	14.583	1273.667	1150.667	86.309	7.94	1.562	0.64	0.977		3
9	3	50	84.735	37.039	0.776	15.28	1272.333	1152.667	85.799	8.249	1.609	0.622	0.994		3
9	3	100	81.519	36.801	0.756	14.898	1271.667	1151.667	84.994	8.375	1.501	0.666	0.993		3
9	3	200	81.061	37.63	0.719	15.471	1273	1153.667	82.759	8.482	1.635	0.612	0.983		3
